compound	D1_Cell_1	D1_Cell_2	D1_Cell_3	D2_Cell_1	D2_Cell_2	D2_Cell_3	D3_Cell_1	D3_Cell_2	D3_Cell_3	DT_Cell_1	DT_Cell_2	DT_Cell_3	D_WT_Cell_1	D_WT_Cell_2	D_WT_Cell_3	D1_Media_1	D1_Media_2	D1_Media_3	D2_Media_1	D2_Media_2	D2_Media_3	D3_Media_1	D3_Media_2	D3_Media_3	DT_Media_1	DT_Media_2	DT_Media_3	D_WT_Media_1	D_WT_Media_2	D_WT_Media_3
1-Methyladenosine	2.363474663	3.615331231	-2.191669954	-1.195121232	-1.200377381	2.311624252	2.314140264	3.150278014	7.064597184	3.388787268	1.933257137	6.063859259	3.754421361	-1.511832816	3.709666849	137.0696576	100.8645805	121.7751335	62.38234309	53.48893762	53.21909374	50.32290454	37.3145593	41.39159951	57.06578842	51.40037764	28.51491056	62.90959743	66.33044942	72.96730807
3-Methyl-Histidine	6.979129853	9.870098191	4.545844127	3.237701981	2.517201479	3.514050807	3.076571076	3.403403834	3.892802704	5.501189215	6.867033017	7.636936631	6.25027345	3.984737395	8.586111572	29.4652056	32.43963568	20.83682398	16.38269665	11.12808255	10.395683	10.34259136	9.149329815	6.418342802	17.86164718	16.55940058	5.443643972	14.95121958	7.087755274	23.85601615
4-Pyridoxic acid	4.459033383	0.342319268	-1.492774496	0.409026907	-0.366000298	0.883127848	1.466627971	3.924397115	0.916416968	0.312698108	1.311565534	2.348559588	1.281810602	-0.312986591	0.817671986	59.17374923	38.53747947	23.22591792	27.57322851	21.24948373	28.17369097	14.91793652	19.93285129	14.72128693	22.59996522	24.59328055	20.31241421	27.77739335	30.29330065	25.97433656
5-Hydroxymethyluracil	20.81538766	10.93098301	7.921194092	9.662699707	7.162245066	7.279634341	14.90261188	14.61903832	9.857139231	15.39957368	17.63110107	39.84528464	10.76098448	4.597568842	25.67260084	57.93220378	78.29203686	69.36156621	65.63016103	34.23852227	37.59524527	17.97626058	22.28088272	29.28411105	14.95805624	24.43827811	21.80220452	47.7318602	51.40118661	64.16642106
5-L-Hydroxytryptophan	-3.13265806	-0.137769441	0.480328646	-0.275015242	-0.172129963	-1.63379086	-0.044382074	0.307357844	2.220490789	0.692771237	0.573305033	1.02822659	0.537870802	-0.277199669	1.999281782	15.17550464	18.81514845	13.81713274	10.65542737	9.872071727	11.26772871	3.479050913	6.289795707	9.002354674	10.2342177	3.096850751	7.441931598	11.95659425	9.635495609	10.3023221
5'-Methylthioadenosine	16.57095334	14.6191929	24.12019129	22.2311095	9.531846098	12.85852203	15.27441866	13.02851206	23.76487355	17.38286243	34.69639633	29.55732754	11.22869687	10.34822307	22.61848962	0	0	0	0	0	0	0	0	0	0	0	0	0	0	0
acetoacetate	617.6553777	402.2426185	242.573423	88.38928393	148.9234469	134.2517523	146.0172613	139.9614479	283.5632537	294.9143613	329.6723402	474.7603868	221.3580074	104.2522297	392.0287808	4426.727237	3433.109501	4776.071231	2156.631792	1941.898517	2356.383478	1908.160944	1506.012373	1623.936458	1872.800982	2068.518746	1267.232912	2281.198818	2371.937783	2823.443865
aconitate	208.851601	190.3260772	102.5912694	136.2580026	92.06432809	116.1047641	121.8673781	90.03699614	137.4610128	100.7476704	126.2484734	149.1619021	92.13571075	68.69269995	129.5408581	29.11334747	49.74842476	55.50523967	23.51682807	17.78666319	30.58456258	17.14749425	13.00462414	21.95809092	17.86442553	18.35871928	13.37471779	25.71347628	24.82840861	32.90049926
Adonitol	8.403040116	20.83981812	6.523039429	13.95727148	10.3224934	11.13286226	8.585816767	10.64232452	15.95692819	12.78140492	22.7416051	11.14680158	15.75281278	15.66372588	13.02376902	60.20912867	75.93355115	91.15541001	31.30081069	36.25487337	34.42812618	30.45318303	27.25593921	27.2158097	26.22165314	30.35357073	23.0646979	33.7872478	35.22392938	44.68731664
ADP-D-glucose	75.95053569	78.82894258	72.47651839	89.1279473	63.26453489	78.60940278	56.91321487	71.36060616	76.43290567	92.17613572	114.3680955	80.49626249	75.82737121	82.38419316	64.31972259	0	0	0	0	0	0	0	0	0	0	0	0	0	0	0
a-ketoglutarate	99.90152189	154.7021122	130.2969203	113.9999668	119.5396271	127.2625974	78.46237497	61.46760896	106.299771	101.5835267	119.2342129	135.1411956	132.6034914	166.8275928	51.80426309	162.2740621	129.9861543	144.3227532	78.51050436	50.13389754	79.72919072	65.26787896	47.94313213	43.4903579	80.98664601	81.30741339	49.71690675	62.55064454	75.06728867	79.55544092
alanine	90.47702797	74.86214467	62.94942431	56.85496318	55.94622234	35.19455881	54.21355879	45.15586434	59.0736366	76.30165096	102.5807963	137.3601614	60.1959781	42.3357726	76.73760567	219.8940209	213.0557159	227.3793239	101.8269968	115.7609859	140.970017	84.76976146	80.21656655	94.85065274	86.04650479	101.0408075	67.35676419	113.3725778	117.0943089	161.7821608
allantoin	63.52820163	53.8744649	41.59926159	28.3909848	27.09298716	31.99717362	40.6970314	23.12294249	48.80707523	33.27957401	38.44882307	65.78639453	38.17151233	31.30537113	44.65397356	450.3251442	422.9393849	530.7502407	217.7337227	224.1592322	236.3077785	181.3716223	158.5131473	175.4909402	183.5711807	199.1376714	131.7617268	216.1049081	214.5297101	289.5305409
Aminoadipic acid	78.24049853	101.840519	90.76615465	35.27085357	18.73375153	27.96608171	15.83069142	10.10568573	20.65296355	50.86421422	67.2478753	84.55438793	59.682776	54.97100271	78.84209062	33.58397631	28.63491442	37.30258454	14.30044547	11.72764866	14.24283455	18.8060248	6.19906467	14.92079014	16.18517926	27.16259362	14.82745264	17.10555753	19.00433003	19.97863743
AMP	27.25363689	7.814722434	7.13299861	4.103013192	3.778641167	5.455074441	9.712784069	4.553983568	4.795116529	5.389948299	13.59731539	17.90746913	4.480208719	4.225366028	6.011029278	49.34957288	48.80920479	42.56892164	24.6386086	25.09451646	27.80806719	17.51552333	18.05642326	14.81586659	20.02566235	19.81803617	11.8799132	19.63535624	21.59234241	29.03806745
Arachidic acid	3.519635426	17.86033924	36.9468849	22.14475194	27.51307691	30.14078512	-0.041079554	20.77622382	20.55057809	23.42120849	37.68514239	22.93690918	22.98611074	29.46104299	9.340240078	11.08613866	8.016566689	11.65328947	-3.179931921	-1.388893558	2.475396856	2.783383285	3.252371952	1.799120481	3.282622187	3.868554506	2.504779228	3.860605385	0.88874517	-8.220640747
arginine	280.9273143	218.1205895	158.6666379	113.2383194	136.2915929	137.6341774	160.4604189	132.3757005	236.448819	102.2059042	138.1922364	285.2263505	211.2208463	175.849316	303.9124081	2354.687752	2102.406241	2675.518221	1155.758844	1039.549822	1298.092266	1056.338505	837.5922617	942.517265	1003.104968	1090.69212	731.24285	1319.820573	1282.707499	1688.953514
asparagine	92.08729766	69.60294229	58.57854276	34.44404746	29.21403073	36.6975052	38.35889441	30.5247099	39.68528681	63.33690156	75.80342039	85.15778033	32.09637116	19.97700667	28.51829864	39.91686783	14.42920162	67.82182281	9.559730152	6.604939448	17.96504439	21.06052962	1.907116468	5.894395473	43.55423809	50.80755255	30.24338022	9.001190614	7.192826431	13.98447132
aspartate	1309.005948	1146.591795	1118.620533	1250.718369	917.1834737	1263.617815	1540.076003	1426.65334	1910.145523	702.6184893	819.1703178	878.7948448	780.6634298	1202.202762	1204.765493	104.7991296	81.72931569	105.2975512	40.30540279	36.89513109	34.21765234	47.71072962	28.68138062	38.70831492	43.78318494	54.81219601	29.72204637	29.66661257	37.7699133	36.99196355
ATP	296.7256999	290.5391732	370.088402	460.692482	236.4808687	383.5492446	281.4165152	379.1085762	410.0786472	225.4121911	226.0139158	271.7038872	505.1545176	260.5220845	171.8006452	-48.18758665	-37.30030302	-34.30876029	-21.53479431	-21.62950445	-25.1315136	-17.42096195	-18.69171268	-20.79670068	-23.20318805	-23.94647205	-21.77567903	-24.07125438	-27.24159513	-33.2874323
carnitine	5974.928749	4829.109549	4554.951366	4047.002069	3760.56259	3883.914449	3394.471747	3233.871299	3960.534713	2175.755358	2310.267423	2613.680237	3596.394832	5761.425743	6763.777303	1365.547863	955.9040733	1071.699599	671.3913981	567.7412462	712.6101866	520.3541585	390.3731701	413.5795788	566.9405569	542.4798379	464.5732917	825.3569437	710.2014841	951.6772911
Carnosine	36.40372364	18.79711131	12.22891998	5.947985622	12.54481773	10.85146852	11.92837142	11.77962602	16.56910995	17.14648885	23.18359091	26.68695775	16.35407749	11.69294569	25.39730963	165.6186561	139.0206173	175.0312311	82.79634863	77.84572578	89.25832567	62.7795842	47.97597263	62.02830494	77.67233994	82.5161678	54.61534894	106.1149524	81.32513862	133.9411483
citrate	510.1218299	401.8127332	420.290748	277.5740343	260.0931051	366.6676456	334.9208161	295.3808734	442.2960204	145.2135283	237.9969669	317.4205583	55.98870763	75.823801	190.1424056	24.51122956	32.11488116	30.13284743	0.173806063	4.083006387	32.43038977	5.236276928	4.362880246	11.39826079	-3.980629548	-9.719827975	3.608169753	0.141123596	11.09400873	-16.46435337
citrulline	784.9552632	660.3747518	473.8897231	426.9725438	264.6179167	344.8114973	250.5781252	283.698241	259.2128722	958.8991798	1051.958078	684.4400625	182.2118176	229.4450157	321.1658811	292.1188107	168.0403242	262.2956336	129.1887819	104.8082209	135.0601987	98.68145087	75.65233915	74.44601465	130.8119438	137.4326362	112.0559392	161.1580575	141.9010132	196.3681337
creatine	14857.11364	13058.84859	12184.85642	20288.15538	19955.80633	28589.56986	21765.29277	24914.13848	26202.31143	25128.80255	27967.52619	23903.44323	16576.54798	28511.80888	26252.91501	3159.707639	2120.745467	2694.454919	1406.15566	1102.133159	1380.383601	1086.518458	814.1675998	889.4891597	1218.784113	1247.070951	882.4013849	1737.937206	1435.52299	2032.456231
Creatine phosphate	2421.677057	1704.416782	2034.174174	3736.726213	1898.227612	1387.67588	2201.533486	822.5820426	2397.162706	1246.394728	1355.953967	1627.374565	2621.552688	2296.226456	3295.345728	0	2.516267788	0	0	1.19898281	1.389231488	1.013612443	0	0.916632466	0	0	1.203375106	0	0	0
Creatine phosphate	1852.412658	1363.590646	1540.116058	3026.857376	1473.855782	1174.451995	1646.536648	610.605847	1800.262764	821.4464151	943.1735166	1291.437705	1477.839779	1452.881498	1946.957444	0	0	0	2.27271882	0	0	0	0	0	5.374667366	0	3.888066409	0	0	0
Creatinine	85.29796702	59.78699848	-37.04691548	38.28416969	47.49579169	34.7646702	66.43381125	47.7573444	108.1143834	112.2391722	139.018475	181.6637354	47.59691154	40.5163479	160.9984451	1516.451836	1121.401675	1301.845769	815.2471802	620.2238511	761.635255	535.2479557	505.4319613	516.2343219	531.6127502	561.3706716	444.9847378	905.2664111	728.22354	1003.606955
cystathionine	48.70178109	32.37384305	45.99860639	36.40817994	27.54726881	31.44659675	23.7053496	25.99448512	24.22307006	54.71412768	50.42895177	56.27948549	71.37893702	49.2782474	25.60181386	0	0	0	0	0	0	0	0	0	7.066629943	0	0	0	0	0
cysteine	19.4017968	22.4050559	19.1551281	16.12107018	15.81359361	9.458359731	7.244969685	7.929884019	20.73980922	38.38132178	48.62058988	36.27073558	9.7023403	5.128287963	6.519530422	264.4032421	245.9395807	301.9205644	160.8312541	137.6800133	163.5088309	112.044019	92.91654445	103.6387067	92.61148202	96.78499504	75.91271657	155.4653898	158.2987004	216.8125011
cytidine	1204.382748	1037.02047	749.5843161	898.5944519	796.5369802	855.546748	624.5390816	719.0609424	780.7082412	680.3631733	997.2416898	848.2004405	311.5389019	551.3328276	500.5567528	-7.644342557	-5.917214652	-6.264824134	-3.416218907	-3.431243456	-1.27244947	-3.273629386	-2.965200472	-3.299129819	-1.541183583	-3.798800647	-3.454432178	-1.735683697	-4.32152966	-5.280624182
cytosine	-7.42741331	0.89739097	1.821829627	-1.79979773	-0.715066514	-2.220478722	-0.291714724	-1.356317095	1.367166829	6.331061408	3.973102581	12.29023107	-3.320314258	4.033289679	3.039585902	52.85883343	78.14988697	41.38837895	53.4108758	43.7795825	58.85136667	13.77003742	29.3492523	39.83441138	28.28030467	21.08899007	20.92415538	43.83246755	31.32538169	47.4511131
dAMP	224.8970418	192.5491126	203.1008115	160.62472	87.4070571	150.1225907	102.7880757	100.2740654	94.03549586	138.3713037	191.9228616	195.4801855	69.28982374	129.9027025	119.8596371	52.57532743	22.2678877	51.03851064	19.08097999	18.71036756	22.29604849	19.44604852	14.67256017	15.60243407	42.14700311	24.23436524	21.78420329	7.631720786	8.761178121	8.941234545
deoxyguanosine	-3.089161249	-2.391210241	-2.53168298	-1.380530894	-1.386602477	-1.61110575	2.315755886	-1.198269482	-1.333213932	-1.487486599	1.636761883	3.334089653	-1.727740064	-1.746376731	-2.133957168	47.62612272	35.81129366	47.36920718	19.36169785	19.64831647	25.82346731	19.7035976	7.240620819	12.4753195	10.84823336	6.385869247	5.079607834	15.68333702	9.738559437	13.37080534
deoxyribose-phosphate	6.257937197	0.56005339	2.812632498	1.03705937	0.966960984	-0.904076853	0.672835094	2.004325219	2.72985609	2.751556344	2.45894758	2.895516363	-0.96952655	0.540253937	3.901102123	66.81531776	66.16514811	76.29714083	49.96292055	23.06048418	42.78168635	27.91071743	21.87048403	21.96786016	33.69242635	26.91269284	10.46608911	33.40384341	30.70624598	59.08355584
deoxyuridine	111.2653966	164.8370129	115.3309819	51.54854755	62.42918659	77.98052755	59.49469298	93.18120533	35.09719197	77.72459431	113.2953749	107.7374477	38.1932332	58.33657303	89.34129019	406.1908611	291.4041832	275.4762081	140.4509685	136.7174104	143.4801939	116.1128668	111.6003806	90.86710146	84.04545062	83.0666443	119.59946	111.3546469	125.7108338	152.4822774
dGDP	305.5362452	239.6319907	141.6427522	155.2021196	201.10079	205.9702058	126.523837	133.5454121	152.2215204	318.294883	396.7265865	256.8362702	121.6986837	263.461505	237.8059946	-8.167524859	-3.360406231	-4.994344862	-3.650026492	-1.773396831	-2.993450687	-3.497678079	-3.168140149	-3.524923774	-2.059185831	-2.169207145	-2.001246047	-2.452037992	-2.919284494	-2.992292383
D-gluconate	7.450881615	9.03819924	5.183629996	23.03936968	16.923797	25.30584751	21.62136412	21.7467188	25.26715759	11.35424061	14.3886219	20.06498496	12.08192367	10.1603182	8.692387851	69.39383533	79.61647874	125.5729308	41.07520745	55.04801871	54.05508633	32.38294792	37.01232337	33.49106186	36.86038811	33.41038883	29.83506806	50.517779	44.10498271	57.11156173
dGMP	196.7463387	153.8664341	98.03164831	70.94156025	126.1722836	86.26982289	80.0310722	86.84313882	110.6487829	278.6599103	399.2118917	238.1879675	52.39604469	144.6675211	180.9345414	-6.704722677	-5.189888204	-5.494770561	-2.996307427	-3.009485203	-3.496747624	-2.871244586	-0.015279658	-2.893610582	-3.228444334	-3.331863356	-3.029823636	-3.749891008	-0.481319995	-4.631545544
dihydroxy-acetone-phosphate	162.2805533	174.3541413	112.439689	138.9439633	68.22226132	107.629474	167.6178599	145.2424634	178.9701066	44.6418291	36.49447435	113.6498007	73.68113204	43.88345507	259.1074326	7.708145277	5.68848646	2.494216982	1.144789376	0.572322164	0.74519428	1.437808134	1.720059027	3.802054126	2.101715979	-0.652763776	-0.545352209	3.840436006	-0.107454861	3.27022804
dimethylglycine	249.7766073	198.2253595	186.0723789	238.6961471	163.196562	244.4337642	207.4436911	178.783636	244.8258944	230.1253704	295.192236	287.421348	200.773294	199.522381	209.1092147	17.48549598	32.84744697	34.77217468	12.06700038	7.928586984	21.46688459	15.81341852	12.01179073	13.90632161	20.0809088	29.04870487	9.452203334	12.52853579	10.782559	18.67634101
D-Phenyllactic acid	22.97064354	23.60323775	42.17780208	30.10658204	14.60260752	13.42084655	11.62035792	19.07744871	5.768353122	15.21484003	16.07531432	19.84688921	50.28095945	22.05979929	20.52339439	-7.955810791	6.211821374	5.170125868	-1.88761814	2.267573188	-2.26208738	-2.633273037	1.203047065	-1.561498084	-3.737577229	-2.716154594	-2.177046418	4.378617107	-0.718561259	-4.876981278
folate	37.62318779	23.45748043	13.48857776	4.825163746	6.972209802	3.97394511	13.41911492	5.791678871	16.61134755	13.52399948	19.62686097	38.11272835	8.846600079	5.093598798	32.69308231	292.5385771	280.4699793	294.0071454	162.2497199	146.6089065	182.9996804	124.8829833	118.923942	126.9081744	134.1789317	137.4757567	109.1691728	152.3231867	157.3204408	220.6376807
fructose-1-6-bisphosphate	300.0621938	328.9731539	212.1009263	119.0651366	111.4955397	133.9721236	240.8496364	186.1611496	231.2370971	79.33518325	88.6740274	172.3494998	54.18153124	47.92267265	232.2455952	-79.09883929	-58.69055472	-67.58429565	-40.04263579	-40.86378262	-46.85314271	-39.25005224	-34.36846916	-40.07821139	-35.73082797	-43.46128571	-40.20683871	-27.72153969	-31.05596043	-57.81805179
fumarate	155.6419081	177.9903871	174.4991594	302.9479343	187.547996	224.3343808	287.9735152	309.381473	414.060235	127.2046819	164.8455717	150.5265863	155.3213494	157.592434	171.1081822	9.011052295	32.59037469	28.8148991	14.75710169	-2.359714516	21.78644371	17.7275499	5.685582094	12.16964764	5.171527134	11.0671527	-1.682087642	8.100457162	13.52432029	28.30268006
Galacturonic acid	-4.460032035	3.744125044	2.830547065	4.976382459	2.240902009	4.264482338	6.80597205	4.985278803	9.332186246	7.448199107	2.846040138	8.452232166	0.924967737	1.655513703	2.569295162	43.26578937	33.6421121	33.80205995	24.79644731	17.24312897	27.65505844	17.47480016	7.058384002	14.89579238	13.25262935	18.21954241	5.626364039	27.33000549	20.04400129	32.41675632
Gluconolactone	440.9015935	306.3246394	335.6140911	186.4337798	186.5020425	190.2398473	179.6223081	170.4198097	203.1847004	176.7449583	204.7952607	206.4705919	374.5527906	186.3081932	296.724943	658.8312118	487.7599926	489.6604985	284.2198228	260.6229924	302.911087	246.2649622	213.5812913	258.5827802	282.0235054	327.9732686	276.209762	321.6507737	272.806126	403.4705931
glucosamine-6-phosphate	13.4774646	9.038242186	10.75992548	16.50012112	6.081078641	12.66158981	11.48873229	16.19527488	8.146061631	6.038746782	14.30604767	19.84342936	5.741632733	12.65470748	8.158323679	7.218473273	6.978829544	12.70160992	3.509295649	8.142105835	3.884188464	4.114275287	6.493337962	2.938769373	3.787427265	4.066953227	2.926830491	5.045820175	3.92834398	10.0406364
Glucose	1368.472635	1126.410977	1081.262841	1385.246543	938.4193105	1309.528658	877.1154931	844.8667775	1109.439121	796.3912688	1007.720677	1109.842314	983.1793272	1097.543797	1224.420281	2021.648762	1853.809961	2265.317284	1169.953568	1018.448562	1217.326215	961.1962157	860.3492241	928.8674817	848.7629524	916.3980707	607.9843254	1014.779439	1011.696992	1343.84389
glucose-1-phosphate	120.2762269	125.1998688	119.7161405	66.65112908	40.80954375	77.33654821	72.9507296	99.34876378	80.7432955	23.02355695	36.3549942	43.07028881	107.3510561	64.04566926	75.45178916	-7.110397014	-5.503906331	0.482056447	-3.177601283	-3.19157639	-3.708320994	-3.04497142	-2.75808579	-3.068690687	-0.16162525	-0.44703125	-3.213145415	-3.97678101	-1.161114701	-0.301314139
glutamate	11369.25558	10435.06984	9170.080354	11794.47319	8765.531548	11561.01185	10113.36196	9237.847432	12463.96393	11150.369	13460.56747	14401.56668	10212.34084	9900.100006	9665.376315	1498.028718	1011.681715	1576.454439	614.2448573	593.4227279	705.9262968	647.15612	435.802734	465.0210925	1115.9865	1231.681651	799.0849455	481.3539053	484.0689072	631.9967101
glutamine	6747.892929	5803.813654	5510.426528	3706.096031	2538.430143	4063.376641	2316.318977	2659.169936	2800.467295	4312.128653	4648.115247	4596.148688	2338.086273	3270.594645	4112.450805	16159.74648	13168.62756	16434.43753	7761.105278	7181.999569	8611.220767	7066.368806	5577.897179	6134.371108	6265.109757	6754.373753	4555.534139	8103.667383	8204.112171	10546.38693
glutathione	2073.868958	2032.486575	2105.038063	2223.554044	1315.607807	2386.864251	1720.635395	2232.26941	2162.565781	843.4196751	1005.114915	1047.389407	1209.463814	1545.096556	1502.681857	-56.73792783	-47.39663856	-44.87389895	-20.95699453	-32.32790957	-38.0731372	-29.6028434	-23.58494769	-27.78453271	-20.63599135	-32.86834897	-22.83529496	-16.57091383	-13.78828413	-28.90883427
Glyceraldehyde-3-phosphate	38.90234911	114.0769619	142.4259006	111.7515461	236.1617608	97.46697891	53.23686806	28.57278745	50.08042862	126.0089222	84.82218073	110.3507859	183.3658474	82.91839374	67.6281227	-5.975152447	-5.723444167	4.459272209	1.979455181	0.121427329	5.564912038	-0.152343608	-0.371790653	1.038460636	-0.128231603	0.827727407	-1.781721224	2.484991655	-0.554273879	-0.432770193
glycine	200.0767297	184.6952667	208.5885344	207.3018134	124.1513005	176.9284333	108.8347532	148.6470724	166.4337294	247.9545857	266.8371547	289.7611076	143.7221255	151.2309243	163.0155099	251.4466296	268.6851951	277.3213175	155.2044502	143.4115028	156.9135982	116.7225739	106.1386562	129.4262439	123.3965773	134.4555525	94.25743021	133.6544712	174.7426188	179.845679
histidine	133.9702324	110.7773237	70.84270078	75.13140209	63.85570867	92.63762577	70.60297015	66.52067779	103.2829196	117.2025902	142.3777988	133.2279751	60.65736041	50.03146646	77.56899814	643.4429945	603.6324236	657.9711298	325.922666	328.6407747	370.7731297	265.1370374	205.2871058	255.8225868	253.3435456	294.2168124	208.962309	332.6487329	328.0058075	424.6124058
Hydroxyphenyllactic acid	37.10677413	35.94648636	40.13608705	39.93676534	32.0369422	42.03053144	23.36203002	19.40568158	30.12651645	78.08909265	90.3257326	93.89188979	32.59601323	26.97123293	25.78293961	103.5615788	135.3470519	133.5571896	49.7442869	62.13866747	70.77123441	56.44758324	41.12315382	53.86299216	64.08320949	54.14928622	30.70589666	51.72533525	51.14456207	71.45429871
hydroxyproline	94.07189512	97.21029766	68.90692723	111.3802557	71.01613581	93.49856041	83.16442763	77.38812977	94.05850625	92.73209987	98.71078051	110.7739654	54.97114693	109.2726551	88.78990295	44.44641709	46.49211863	62.82966043	34.5379672	22.76095016	24.65709388	18.83558117	26.54851259	16.68835214	18.02215041	10.45927402	10.59014219	25.7906164	26.66743614	32.450406
hypoxanthine	10.4382914	15.0575385	5.324127489	3.639141919	4.346605296	7.559263041	3.662020052	2.498869628	12.80079322	6.769479917	14.59010854	30.297409	4.814989386	3.391728328	5.980330648	52.81178586	6.306645228	45.48990544	4.872768259	12.78657665	6.420406877	22.07148104	2.219510143	-2.889013292	5.569739693	9.428130022	1.493801733	5.632718085	6.663393256	8.021655373
IMP	10.81861109	16.25413137	15.94678373	6.642069348	6.619931091	6.101252846	17.55871745	19.75039926	20.40885227	36.59847506	46.66439392	36.93261947	10.83002581	13.34892987	8.727762177	0	0	0	0	0	0	0	0	0	0	0	0	0	3.00334142	0
isoleucine	119.1454208	100.4994572	68.67799361	46.17146898	44.71538976	53.21909374	48.72804848	47.61554488	72.96381981	83.20606792	89.60911509	102.056729	44.95214737	30.39159707	73.1019068	456.0309937	417.4339325	388.0572584	213.5406576	204.0826826	279.0183424	188.5766291	169.2675728	175.0524737	199.4247744	167.0143377	117.9680666	205.8773571	228.3213816	289.1310372
kynurenine	2.04939884	0.048485567	-3.582322324	0.894394593	-2.024544209	-1.107143307	-1.148207973	-1.804355391	1.09528026	3.16686645	4.580953695	3.971879963	-0.321872265	2.18086949	-0.077992149	19.52451994	13.6773103	15.08897606	7.962747485	6.786532574	6.664387546	3.994291629	6.45421343	8.34393663	7.614873477	8.592627679	7.229226185	6.461400307	10.90506884	6.279536891
L-2-Hydroxyglutaric acid	29.1384802	47.86830994	30.43989583	28.94158554	28.89962958	32.23076659	28.11293147	19.18821547	29.83264909	19.95874148	18.73635509	23.66819059	28.94172508	23.10608847	29.22137774	128.649363	127.6358283	119.9399362	69.21111139	53.60135004	78.85014272	60.23402991	53.36000745	54.20908185	55.96524069	58.37758315	49.54366365	52.12772989	79.97113209	91.39599048
lactate	19156.44477	16124.41418	13245.54433	20061.20773	14246.25838	17657.03178	20108.59113	17780.74055	26019.33876	15197.46996	19871.06424	21596.21069	20407.40747	16367.4658	20954.56062	30874.15163	62907.30582	31265.50184	36332.04818	31862.42229	34748.12888	14717.46949	26541.70626	30272.89294	26514.20633	26050.23822	17315.1703	28036.10536	28666.19787	36927.48608
leucine	1770.673662	1405.653056	1100.697327	983.1349853	710.409567	918.2723784	904.0707604	871.0588222	1214.915067	1436.544645	1646.180446	1931.911127	1067.697405	831.1537864	1283.321944	7532.018258	6268.458872	8136.754622	3796.593104	3300.571065	3748.140942	3176.686344	2483.916697	2863.274649	2834.007128	3039.506297	2175.822334	3759.349888	3694.617361	4914.878181
Linoleic acid	172.3871815	463.7279002	520.2663996	388.4209459	415.6574514	550.2402987	81.46852395	609.0425874	578.3206676	558.0310785	311.4995026	660.9836748	461.3778417	507.8075241	307.9506384	54.75760237	24.78862182	41.86870759	19.10284831	26.06085486	34.35283708	28.71510688	7.245183196	13.03820012	14.0372999	1.57279787	2.821931924	27.40286349	11.81871744	7.621308451
lysine	137.6436047	105.6840631	93.7624342	69.52929302	55.78358044	73.83271149	74.47789586	60.19537302	91.50763318	76.26219302	97.27550527	131.5709087	84.90902214	64.18765646	120.8638771	909.9745843	765.7946136	944.2569149	464.0203351	402.6593482	459.684813	404.4823044	334.4679591	373.7464604	372.4685145	411.0115702	285.1592846	458.8924777	450.4128277	595.6361189
malate	1904.193115	2140.868952	2044.126716	3396.332097	2132.176661	2869.442159	3453.218669	3383.327117	4777.280363	1406.643439	1902.787742	2154.289321	1780.02496	2033.373328	2271.991352	322.3529777	335.265627	407.6728	217.3704903	194.1370473	211.3290422	180.6810866	130.8602383	163.4693157	141.4175523	142.3539501	90.1579621	175.1688875	222.0447757	250.5740184
m-Coumaric acid	40.09812303	29.15442717	21.21325723	20.09041882	18.83002677	23.03959347	14.2276147	14.28413406	21.29543475	34.84578948	34.99038265	30.2195875	13.17969645	15.8337216	25.68915741	84.16122448	99.50226066	108.8305402	65.83307527	50.31549066	54.73772295	46.18030835	35.94825662	45.68570727	41.69568129	41.43522562	36.0774354	58.99214542	65.77661464	79.7094323
methionine	155.221143	132.0605979	94.02956131	100.8099958	83.35463168	110.8405455	90.4035288	77.57667214	110.0941151	150.3824374	186.9479502	185.8095605	101.7782876	82.71521435	124.0731294	610.3763195	490.5471611	659.630728	309.2103577	277.1087197	336.6087179	263.8835051	230.099462	229.1420261	232.4725164	296.7603193	190.0213984	283.8325668	304.2523238	438.0830105
Methionine sulfoxide	0	0	4.341690812	3.714292586	0	0	2.55329977	3.297694429	0	0	7.054348319	3.461502301	4.08718509	0	5.559862902	24.45386259	22.72165076	31.83354912	10.08789231	10.41964025	10.20094985	7.472439694	7.072716751	6.34847358	9.733366424	7.079437652	6.107132426	18.66306804	9.280323732	10.75816417
methylnicotinamide	43.80323019	26.92477823	31.35835841	5.772716713	2.217592743	3.042553533	15.27315943	16.55494941	15.25526689	43.03428566	44.16116781	42.66556186	11.11093872	16.5184719	13.29219998	-1.31100719	-0.065534965	-1.33540821	0.506045897	1.216464759	-0.206307184	3.817190997	-0.231131721	-0.750507498	0.267843762	3.859897307	3.719937873	-0.965523704	0.058902577	-0.716684609
Methyloxovaleric acid (Ketoleucine)	273.3692441	232.2748964	203.9287009	158.6863237	168.7758688	129.5344648	158.6328896	115.6014127	222.9297951	315.7698959	374.1557819	545.0792318	264.4211838	158.540709	216.1863411	1410.435462	2435.09247	1419.202824	1483.058273	1158.195878	1377.434826	677.8152948	942.3145152	1146.32497	1701.14444	1755.309089	1120.483476	1209.760056	1204.472142	1559.479265
Methylsuccinic acid	194.8537281	117.507713	55.85325514	19.83774299	37.17982289	34.07147227	50.49948247	35.81801368	77.62614172	47.07505048	89.72761394	121.445765	66.34348081	26.98415511	138.1109497	1255.227634	1158.409519	1374.483336	624.5361101	564.4377057	704.0888608	626.7623194	495.7026501	489.7736649	569.7093978	595.8795321	434.3822605	708.6937782	677.8938283	893.2795296
myo-inositol	4841.328905	2947.099498	1455.897905	183.1733169	1170.138614	747.7002608	1229.574261	871.0605438	2190.060397	1967.791935	2548.574037	4321.978155	1890.906465	454.5406187	4064.346435	57193.44596	47861.76932	62681.1514	28941.35	27031.99956	32219.77705	25945.06435	20863.92475	22435.47872	24464.12147	25948.84892	18426.29961	30343.27042	30467.51176	38456.95121
Myristic acid	98.96561921	51.53362983	108.2540458	119.2295457	70.54412318	104.2964411	39.10433743	99.10112572	75.79797691	123.0700943	75.40427944	58.10600923	81.95585264	70.39852235	35.90279457	327.6501569	278.1314204	779.8035536	225.9398482	247.6918286	219.380983	151.8570203	178.9322791	199.3638022	206.7533708	171.0189812	180.3140689	294.3256709	373.4982313	332.040976
NaAD	0	0	2.62698484	0	1.29829622	4.493503566	2.186411126	2.791830161	3.651061902	4.53603268	3.086208463	0	1.078037811	3.814929859	4.035815834	25.06880985	15.4637608	16.325354	13.47668904	10.52632496	11.99307352	6.343357829	3.117824883	7.239006851	6.086833633	5.562553151	2.761710519	7.121156221	3.516402313	6.839394045
N-Acetylaspartic acid	11.64837933	6.80567294	7.186287627	10.64362542	11.57389716	13.79000041	12.09154919	13.91094456	11.08530989	12.07744013	15.08271415	14.81075511	15.32028819	17.71499715	25.20575938	8.562990761	15.04718861	23.64495511	8.470281023	8.477101822	7.693666529	7.306981041	4.686981151	5.488684682	8.268480645	3.939576616	2.459801209	9.376651368	7.467579667	6.565444228
N-Acetylcarnitine	1895.804666	1385.559847	1211.017959	793.9746322	738.5819026	987.094661	1220.586654	1282.498078	1485.699868	1347.7262	1433.978786	1460.427417	700.1589968	793.88558	915.8358171	428.5784033	282.0411006	370.7506954	190.3600364	137.3121951	174.4307274	149.0611398	126.4415765	127.4177073	153.3036068	172.8652252	122.8440449	218.4194219	199.1316104	282.1498392
N-Acetyl-L-alanine	120.8824083	90.70365484	78.39578235	70.34310705	58.67778937	67.97066503	64.37781405	65.51762207	74.45578389	118.7261686	134.2874816	145.2064438	62.9380828	89.3332545	106.5690851	270.7417926	189.0244824	252.2160979	131.4364092	110.4612159	120.6152236	94.65251842	84.97138077	88.34237547	122.1136736	119.0278187	82.48040987	169.6199499	139.6549996	207.5338499
N-acetyl-L-glutamine	27.42962144	14.72466726	13.92416546	17.53184978	14.60599434	23.88973532	23.98680037	21.71816091	25.19190092	10.42891601	25.78444486	28.76652673	30.18468635	25.17937764	37.91062291	4.12631607	-4.339393814	1.715888152	2.349629863	-2.516304968	-2.923717123	-2.400718571	0.231002597	-2.419419334	-2.699382111	1.264447217	0.312840422	1.952085622	-3.169197026	-3.872549715
N-acetyl-L-ornithine	6.969254302	7.077604392	5.570702863	4.940505515	5.575297458	6.497374213	9.593228075	7.253533206	6.51761552	13.70710352	16.05959902	15.77685487	5.324964386	4.689247347	8.230145441	64.25144707	53.38497111	46.90415593	34.17349515	36.60934355	48.2171428	16.84684609	16.62474086	14.446982	29.73995432	25.10786001	25.39142033	33.85967139	47.14326421	40.50103536
N-Acetylserine	12085.54646	9553.181667	9436.396899	9005.159486	7528.291086	8283.549867	7949.415365	7108.443948	8551.060896	11413.25145	11856.7956	11226.39713	8782.118883	11327.57671	12810.17248	1501.723617	878.1378622	1267.948953	625.2909888	484.2583638	603.4137907	494.6048576	364.401626	418.5510206	1111.546107	1149.469533	868.2427359	605.8236135	454.0957757	627.3992742
NAD+	358.7763415	305.5263239	287.3938511	282.3119727	233.0711913	256.4453851	197.8847475	233.7622326	222.0206332	239.7393479	275.7265257	213.4139294	231.7821012	328.8811913	327.0836647	2.785349342	0.289796816	0.451501652	0.424324816	0.805614047	-1.444671119	0.382569677	0.147201208	-1.195486803	-1.333822394	0.052329179	0.56345373	-1.549256572	0.505094305	0.998069551
NADH	20.81400065	4.710615462	0.386845524	7.885489326	6.553091273	7.971327642	12.74421278	8.736994268	7.724882877	4.712511424	2.846563981	12.26064687	3.911059864	6.945046687	42.90365344	1.706695014	1.805604227	2.040441908	1.083250625	1.257006943	1.134371225	1.791296623	1.524823741	1.270575863	0.736423412	0.961059288	1.519073663	1.547456843	1.9054576	-0.139351082
NADP+	17.3826349	6.744432534	-0.857898608	2.925396537	10.61189188	0.175230898	12.82166758	13.78457534	16.3143435	12.02417059	16.20098154	16.77810468	8.263363688	0.0824887	31.86755362	116.2597625	68.74918403	96.61053208	45.74704499	56.37714492	15.00139684	17.88008358	13.15828154	10.85247633	25.15123983	44.92611674	44.86454571	31.40707486	24.17790837	31.53029027
NADP+	22.29167164	15.16812338	17.14760535	22.32245066	15.48641719	15.05307491	17.10263699	19.99211914	21.84842641	35.94641736	37.441831	29.17443774	28.33692297	33.86898191	17.12638599	1.23300143	-0.459431881	0.113307363	-1.667645617	0.133978472	-1.94617408	-0.082016552	0.502851378	-1.61048795	-0.608619248	-0.305924432	0.226996088	0.121885111	-2.109577926	0.097499767
NADPH	10.0554196	16.47813554	9.230185136	10.69147787	6.939188342	12.01182346	12.94407467	9.684419118	12.90186176	5.831225304	8.817108278	9.353522463	4.907365144	9.789307238	19.51099114	0	0	2.426469	1.006438758	1.333957404	0	0	1.298943057	1.036449322	0	0	1.710368135	1.257824556	0.658027727	1.095109413
NaMN	21.19371005	7.239165688	7.499292397	4.969216988	8.525762404	5.736265635	2.241769923	1.715324485	4.256946337	18.20081977	22.11263484	17.5778309	3.48868203	4.684856314	9.163138496	3.653510176	2.549078216	3.018377208	1.871254089	1.637077471	2.480373691	1.464323334	1.629457114	2.243573013	2.118386088	1.528298768	1.309627527	1.911312446	2.296824138	0
N-carbamoyl-L-aspartate	18.1503758	10.33485532	0	21.02577313	7.380022341	14.18450141	22.93431798	19.8925216	23.76760319	31.5515463	31.12284826	41.90211389	7.648104528	0	8.15648406	0	4.41454859	0	3.500617743	0	0	0	0	0	0	0	0	4.14564526	0	0
nicotinamide	276.0525091	205.8691156	123.6135137	164.7814866	179.2436218	149.4562156	262.5193503	261.1984287	401.4038973	430.2496749	586.8470415	664.3845044	211.6377939	207.5714903	499.9039949	1074.833267	803.1536662	944.3192976	571.6064862	401.6325949	517.0484531	355.4982749	289.1285667	296.1143806	351.670417	320.0968173	285.5476901	613.0288605	515.0798909	730.7667337
nicotinamide mononucleotide	4.848562858	2.912569658	6.012747078	1.814773317	2.214679085	1.726730365	1.99700326	1.390319713	3.564096511	4.493769681	6.788180829	2.647134406	3.140775752	4.811255348	5.714774089	19.48435197	12.75775941	14.90382856	9.435462536	5.794743238	6.491818676	7.764534565	4.634126448	7.132024096	4.731265296	6.654462958	4.588861046	2.739249954	6.329674714	10.31213339
ornithine	69.94292708	50.68785945	38.41597034	28.3988445	26.52288137	36.02566137	37.8058529	27.73186827	57.95388536	29.23736658	34.17677144	75.72851729	52.64657941	28.94992669	91.61992567	566.340792	495.8323026	610.7231415	291.1672056	255.7763586	314.1749962	254.6875774	195.6168903	219.4517541	252.046002	245.0482273	167.0700231	303.6956199	311.4115902	381.0094675
orotate	2.923828984	4.066861124	5.087373299	4.530660406	2.394329772	8.184000545	23.67964221	37.06634018	36.77213774	34.84773966	40.59729705	50.06850749	3.036639695	3.113932733	-2.348655948	0	0	0	6.939200854	0	4.619255463	3.482234637	0	0	5.681942345	7.648937929	3.993566689	0	4.545660553	7.467470375
pantothenate	2831.101218	2609.367119	1756.714996	1816.083235	1451.313232	1559.43995	1484.185833	1480.125233	2404.386724	2452.467991	3102.839768	4397.991834	1976.530724	1111.096126	2591.06712	8464.814354	9040.796417	10735.39871	5334.857438	4333.693058	5108.579992	3747.230118	3338.618086	3488.064048	3539.338865	3907.420914	2373.250314	4567.014252	4518.860759	5626.103033
Phenylacetylglycine	6.136101743	6.448666282	13.70314335	3.34310135	6.935079337	4.337745983	5.495702981	4.281510689	15.89596621	7.517444173	14.12885082	20.53667752	8.396016144	6.581249566	9.353500659	90.32023972	71.08087169	86.96813003	53.66317972	45.58211592	46.36188277	44.21623526	32.69597075	41.80698376	29.83356339	33.96808885	34.25344386	48.65648661	62.65001064	59.83442669
phenylalanine	1171.742441	1032.878325	763.1947948	723.0862056	546.5936409	660.0219646	644.79401	612.078225	835.3383342	1166.919906	1352.74052	1446.171591	837.8413861	649.2939297	964.5422397	4833.175306	4431.745549	5284.025685	2479.307979	2304.972606	2720.77075	2113.463438	1836.651121	1891.77679	2124.797294	2154.064603	1515.495329	2456.325319	2519.467537	3168.35481
phosphoenolpyruvate	72.06433977	24.99811039	13.06381155	28.33266927	21.79157358	22.05964882	34.08524281	28.25910253	34.24587932	7.864604524	6.987572096	28.6506469	33.15908024	17.42575351	164.7373543	0	0	0	0	0	0	0	0	0	0	0	0	0	0	0
proline	163.4565207	154.6234789	153.7276736	276.8662891	171.2798966	244.0299461	166.2401624	172.7803231	186.5362393	190.7654278	250.5754073	244.7124879	176.6799464	202.6099676	186.9287842	82.03265479	120.4720751	111.0678605	43.11684602	45.11961625	82.79445829	19.68649102	41.88029314	45.9828071	39.20643872	37.23494051	39.9132531	33.01150244	40.56900893	93.78849066
purine	16.56584912	8.011241437	16.8982564	4.033540355	6.378022749	9.957663625	8.350720074	3.918608062	5.373225674	17.13975669	2.580506774	17.61674165	15.64126059	8.202638666	20.20038808	154.3715127	117.886579	128.1699065	62.55590121	76.68758399	67.29763486	38.351339	40.2314244	44.21816628	60.01682505	50.43501732	43.72770999	49.38221191	60.13984501	70.41422454
pyridoxine	174.7378957	135.8786323	78.47107809	80.50731535	84.1470471	76.44002342	90.97160985	97.35285313	182.4101481	131.6179863	162.2183602	218.0575463	71.26009283	34.55385767	175.6974932	1560.863966	1372.242979	1584.683955	755.560046	705.7178052	892.5981294	633.4957548	574.8756376	657.2104893	729.18944	672.5124995	579.1969894	801.7167555	849.4109193	1072.270629
Pyrrolidonecarboxylic acid	5166.738144	4311.339181	3284.631234	3975.79965	3240.75645	3417.259578	3059.530641	2308.170033	4475.580587	4950.209325	6558.399653	6829.692061	3394.703087	2711.320947	3617.539917	28106.68137	26473.47973	32036.37421	16101.0078	14215.16664	16311.37767	11767.64768	11518.40925	12199.8865	13035.58903	13001.73014	9593.556009	14446.00418	15007.10604	19806.60201
pyruvate	154.6795411	301.1346224	142.4870102	155.8210774	160.1681754	123.0068245	194.8929015	101.6507841	291.8672992	237.2408085	335.4138272	324.7790524	235.9636169	158.9853325	95.50930023	2679.901311	2345.967839	2848.567028	1532.911207	1473.619851	1783.679829	1238.6862	1112.700817	1167.151888	910.644639	918.8003053	708.6996865	1706.173723	1911.36078	2401.420185
riboflavin	2.611362099	2.910250596	2.866421668	1.454317891	1.528500122	1.625978386	1.609016499	1.553489239	2.118296877	4.245962107	3.122050366	3.570963856	0	2.332893341	7.266798685	38.92243309	25.00704308	31.91439201	25.06526405	14.96828408	21.38713948	13.52289484	10.63154268	12.47915057	14.97547437	12.50286908	11.91797153	27.62447843	22.02799566	31.60134553
Ribose	157.3917115	87.11138539	42.65090124	11.17126691	36.3030608	26.50017224	32.86152829	23.39313418	57.54621114	53.45887385	66.59119648	99.4146339	37.74724168	10.70392814	106.2369957	1102.722712	972.8270392	1299.369466	552.515539	541.6701811	574.2618623	514.6604231	465.8316083	487.4912065	566.0279753	550.8359642	405.5263293	628.1020893	653.730473	938.5398107
ribose-phosphate	114.765059	113.5508355	80.58631559	112.8336314	50.58018531	88.00876386	117.0458645	136.513647	125.2621772	38.11537478	46.42825092	83.76895238	56.3199509	46.29149781	131.7620055	0	0	0	0	0	0	0	6.850795866	0	0	0	0	0	0	0
Ribothymidine	0.678639016	1.219396975	-1.733075224	0.559848915	0.42758557	0.305265188	0.483546023	-0.820280883	1.086444844	5.371408146	9.056035921	16.28480061	0.326185409	0.291878266	3.37309336	89.19265148	66.51738781	98.80956792	63.40658395	31.66210131	49.99080588	19.78513897	19.70189173	19.47339965	25.37206533	24.81346012	13.63756592	62.01134636	27.64738935	46.74922209
sarcosine	576.9936824	590.6320645	492.6022614	969.7537037	808.7998704	1186.805455	883.5188665	1025.984908	1104.418642	805.9483168	969.5178395	834.7295239	579.5436259	902.9777323	750.1260713	231.9119012	253.1692125	215.7210329	156.4481677	161.6184301	166.234632	88.87120681	106.20098	111.0755406	147.9659663	142.2343484	80.41964441	131.2688991	154.5860189	190.8347919
Sepiapterin	-6.331005181	-4.900606735	-5.18849512	-2.829294925	-2.841738179	-3.301840865	-2.711203017	-1.311597196	-2.732322345	-3.048492651	-3.146147154	1.086091287	-3.540874178	-3.579068634	-4.373385783	37.20675022	32.37186755	18.86031071	16.6713486	24.99082011	16.43773465	13.07964432	11.60931164	10.0060962	8.064859545	7.849211457	5.054536474	11.01825267	16.95948848	13.3568549
serine	490.7340697	539.977402	488.8637549	415.7906899	276.8418834	428.7211718	321.484856	324.4366918	435.7785725	325.3452436	424.768382	450.3679347	334.7074059	351.9280636	367.6591663	1055.75126	821.3792576	1090.365669	495.7956041	474.7768717	544.6528751	460.5170963	359.13518	388.0407262	343.1228723	368.8575214	268.2098924	474.241065	508.076318	653.5311281
sn-glycerol-3-phosphate	283.5484964	47.66762521	30.48113571	62.47184949	72.451623	41.95101781	54.92343439	30.03864462	77.11143686	43.45293513	52.45170338	137.4174745	34.62666634	24.18355398	746.113749	1.090527182	0.015889867	-4.438993283	-2.420590341	0.564253572	0.161110575	0.144170463	0.325090855	-2.337625893	0.168784848	1.547212265	-2.447666671	0.395630133	-3.06205581	0.529810056
Stearic acid	3569.878902	4126.321607	6625.926698	4666.139033	3560.410756	4790.012707	1561.659875	3537.119991	4217.923634	4134.853857	4322.622955	3696.733478	4457.000093	4443.008479	3319.469561	-1230.757571	-133.6740636	881.3796035	-120.1815616	-181.477028	-71.25664946	-254.5120924	-334.6063368	199.1284784	-707.5708206	-487.0082611	-223.6039327	-504.371201	-247.0701535	-627.0149473
succinate	868.7897068	444.9618386	284.2136517	259.3482248	294.8324528	373.9189815	353.1875322	375.9932692	464.2483408	270.7703006	295.8375557	420.5040346	272.567472	220.5660952	687.0760686	3533.953533	2951.702191	3961.542699	1703.581719	1704.574232	1657.05878	1314.21128	1422.210037	1272.031624	1620.948289	1589.746403	976.4318191	1615.674897	1895.071363	1896.897905
taurine	695.8307419	653.0587135	597.9201824	2255.698248	1513.801962	2152.028516	930.1900387	921.0390124	1195.629726	448.8463831	494.3766121	515.1119624	1150.181354	1447.738437	1386.834197	239.5272829	178.2904908	236.9624351	95.08471	93.40819692	107.1264954	92.27194759	88.57660521	89.98638532	108.7331866	98.65787235	65.1175408	108.3685858	116.5749751	139.3301567
Taurodeoxycholic acid	3.018978258	2.354749438	1.274707837	1.125524424	1.807289898	1.252571063	4.572945491	2.633933193	0.189087472	3.691814576	2.581306324	7.132225096	2.918881549	1.356045222	0.676021381	19.90544992	26.95849051	10.59660283	8.874175568	15.29043009	6.32075443	7.413897173	6.51231917	9.79198702	14.50358207	5.520425129	5.016327723	16.61150083	13.77542467	16.3011639
threonine	1289.546951	1090.782331	1089.870426	1058.587222	782.3839726	1020.234452	870.9588108	877.8395683	1132.846388	1169.346716	1370.122823	1490.407974	809.5566864	804.9052235	974.4525315	3164.355584	2782.803728	3408.522378	1634.238356	1446.146195	1674.40959	1376.778648	1118.175927	1206.182109	1364.405311	1389.896691	963.0762057	1495.294298	1569.359306	2013.59133
Tiglic acid	102.0344746	57.00944975	54.01201049	16.59669382	13.20432551	13.8382352	14.15377129	9.159638204	25.67478392	54.19957165	64.40257957	75.36563444	22.0950586	39.7460979	27.8405143	88.60788568	109.0829056	86.00483557	41.03925612	36.12353463	48.48027849	44.07482086	38.79827861	41.36157346	32.80720085	22.76479206	18.85431409	46.56743539	59.5703907	69.40358427
trans-Glutaconic acid	123.8286514	123.9981654	69.14631859	81.6497245	60.58685808	73.39790391	62.523033	57.25804178	79.76100799	65.59671642	75.54232591	97.7733875	53.05992757	43.1412136	97.21853553	40.58529841	26.90644046	23.56811343	16.12102059	17.10964855	18.99779558	22.34418845	7.990830484	11.76360163	12.13525122	15.69803693	9.969275049	24.48972246	20.58761123	28.56298604
trehalose	48.6470772	34.26722805	41.64372973	27.79121751	20.74280603	28.861941	27.59186976	26.22471297	25.17863582	28.49947385	25.3637712	42.61429093	14.17168858	7.068183811	22.32759998	92.03170607	90.39375949	76.06743425	58.3116613	51.9335422	51.57610153	41.06320727	36.22690593	38.96327293	49.50835202	43.96759396	28.55131418	45.3819103	53.82497435	59.75639622
trehalose-6-Phosphate	9.454564419	22.41244254	9.767531211	9.715833286	6.487845251	6.565834633	7.122562594	3.607161296	2.821730046	8.811274336	4.893246958	5.221812584	0	0	5.183124415	37.29995767	27.68135062	12.36150596	17.17476633	15.68972578	9.696726993	20.63467079	15.68717247	9.886806115	8.765057529	8.871091699	13.9131503	21.21700794	20.101022	12.18524802
tryptophan	463.0354227	338.215817	270.0480033	209.1017351	206.9825944	226.78825	239.9054481	206.7048429	282.5888199	559.8837046	585.1601561	614.6109865	293.9241451	276.7429384	441.5605788	1902.979365	1379.718346	1601.241107	914.2280221	720.4948836	923.032461	692.8205224	589.2842255	622.4603448	691.6473941	707.042424	585.8905911	1090.707222	910.1725974	1283.865437
tyrosine	1355.486118	1194.133289	972.0034874	856.0321489	657.0780416	875.2254441	747.019398	709.8884133	960.0512789	1417.205689	1554.899692	1705.11022	892.5919111	764.9499555	1129.480227	5317.508077	4813.472116	5676.309963	2886.274255	2539.745971	3048.043503	2402.223618	2108.678351	2239.554647	2291.512003	2453.915101	1727.254247	2772.342568	2821.192006	3604.637218
UDP	59.03937515	47.21970275	45.79008811	36.10013907	30.96237508	43.83694904	31.65539553	31.14248152	29.69097116	59.41322821	70.57860826	56.86941457	28.30452784	52.29576559	43.25663019	8.51949395	6.710934977	10.48111298	6.437122	5.909147903	6.180419249	8.817777254	4.232249934	4.831463849	3.335250574	1.589119721	1.457297834	3.534978513	9.903725023	2.848265604
UDP-D-glucose	607.8488441	519.1765785	400.7234939	814.1397802	556.5879618	849.875297	675.8778319	721.177799	790.4920872	744.7533906	800.5018418	718.8947542	497.3457407	640.024113	654.140425	0	5.965485491	0	0	0	0	0	0	0	2.246350542	0	0	3.368038112	0	0
UMP	66.70879496	49.3111528	34.15598632	26.53892128	54.55952025	32.38351493	33.22088528	42.57308572	66.32092815	98.47412406	115.8376687	99.17969019	28.94454879	54.63047807	73.1011403	0	0	0	0	0	5.302239301	0	0	0	0	0	0	2.915499299	3.384294936	3.593694249
Uric acid	94.18213513	74.98436781	46.12691834	40.14324992	45.44375451	40.63661246	49.48629769	42.05473948	73.3604318	49.59154227	59.52595774	90.38806704	59.03006386	33.42072013	87.26175506	578.8022953	525.9764108	790.0611437	341.1921608	304.2079326	353.9684981	271.876175	202.4565385	218.8374892	289.7773499	287.836733	176.5773332	335.317421	347.8375964	420.3362132
uridine	16.58704272	11.40377097	8.780502222	9.318434774	9.031194945	7.598238605	6.399476919	5.963327531	15.48319188	16.09680631	22.43526711	22.69278935	11.02501717	5.590726514	21.24138206	105.8784497	104.9770499	112.7592866	57.07201001	48.17880797	68.11927564	51.81640409	40.53615673	52.00113783	53.59653582	46.140661	37.54696806	64.13490274	61.66378453	62.20155547
Uridine triphosphate	119.5476554	102.2949262	104.7869406	125.3324692	95.36034793	132.4788994	103.3446573	94.05158628	111.4365236	87.69251771	85.71144593	89.72954271	50.92886198	93.69116701	89.73565836	-39.69405764	-30.95500677	-31.50844974	-20.98139184	-21.07366811	-24.48568241	-20.10564977	-18.2113719	-20.26226578	-18.81104192	-20.03165391	-17.7813602	-18.47391029	-18.69570311	-21.97515979
valine	626.4984346	495.1480936	385.1805609	359.9159582	292.9103598	372.9669881	327.0466094	289.3031852	438.5106315	488.6999907	518.0496656	681.3165974	401.355072	311.3952179	500.2394953	2590.683693	2271.613225	2710.137531	1340.413083	1277.498976	1554.517802	1128.521102	937.009332	1092.657937	1173.452265	1232.970305	846.5989322	1409.512376	1423.252435	1893.680413
xanthine	2.468222085	2.352902778	0	0	0	1.335180742	2.863356551	1.354294154	1.245913321	1.551121532	1.922339142	2.363126048	1.660095069	1.892598145	2.750229282	13.70271594	11.36151251	11.37511353	5.545677894	2.734754626	4.914798461	3.88675776	5.839110371	4.858616589	6.421731837	7.513620957	3.731169842	8.711806565	5.909578271	7.628130369
xanthosine	2.57951622	0	0	1.05915084	0	0	0	1.201798868	1.333213932	2.08525959	1.589946842	5.271554161	0	0	1.874570995	6.826003326	3.367706981	4.356513525	3.069499367	5.427970945	0	3.230767897	1.636601968	3.103218246	6.937116023	7.948410818	11.19391067	2.260646097	2.934276736	0